4294967294,11
4294967294,68
4294967278,132
4294967278,131
4294967278,130
4294967278,129
4294967278,128
4294967278,127
4294967278,126
4294967278,125
4294967278,124
4294967278,123
4294967278,122
4294967278,121
4294967278,120
4294967278,119
4294967278,118
4294967278,117
4294967278,116
4294967278,115
4294967278,114
4294967278,113
4294967278,112
4294967278,111
4294967278,110
4294967278,108
4294967278,105
4294967278,103
4294967278,102
4294967278,101
4294967278,100
4294967278,99
4294967278,98
4294967278,97
4294967278,96
4294967278,94
4294967278,317
4294967278,91
4294967278,316
4294967278,89
4294967278,87
4294967278,86
4294967278,85
4294967278,84
4294967278,83
4294967278,82
4294967278,81
4294967278,79
4294967278,350
4294967278,75
4294967278,74
4294967278,73
4294967278,72
4294967278,70
4294967278,67
4294967278,66
4294967278,65
4294967278,63
4294967278,61
4294967278,60
4294967278,0
4294967279,83
4294967279,82
4294967279,81
4294967279,74
4294967279,71
4294967279,69
4294967279,68
4294967279,67
4294967279,63
4294967279,58
4294967279,57
4294967279,55
4294967279,54
4294967279,49
4294967279,47
4294967279,45
4294967279,42
4294967279,39
4294967279,38
4294967279,37
4294967279,36
4294967279,35
4294967279,34
4294967279,33
4294967279,32
4294967279,31
4294967279,30
4294967279,29
4294967279,28
4294967279,27
4294967279,26
4294967279,25
4294967279,24
4294967279,23
4294967279,22
4294967279,21
4294967279,20
4294967279,19
4294967279,18
4294967279,17
4294967279,16
4294967279,15
4294967279,14
4294967279,13
4294967279,12
4294967279,11
4294967279,10
4294967279,9
4294967279,8
4294967279,7
4294967279,6
4294967279,5
4294967279,4
4294967279,230
4294967278,109
4294967294,1418
4294967279,227
4294967279,226
4294967278,107
4294967278,225
4294967279,224
4294967278,106
4294967278,223
4294967294,436
4294967278,104
4294967278,219
4294967279,218
4294967279,211
4294967279,213
119,5
119,4
4294967279,212
119,3
119,2
119,1
4294967278,95
4294967279,210
4294967279,209
4294967278,208
4294967279,208
4294967279,207
4294967279,313
4294967294,5
4294967278,93
4294967278,319
4294967279,312
4294967278,92
4294967294,7
4294967279,311
4294967279,203
4294967294,41
4294967294,423
4294967294,43
4294967294,416
4294967294,51
4294967294,201
4294967294,82
4294967278,90
4294967279,202
4294967279,556
4294967279,201
4294967294,83
4294967279,200
4294967278,199
4294967279,199
117,5
117,4
4294967279,198
117,3
117,2
117,1
4294967278,80
4294967278,313
4294967279,193
4294967278,77
4294967294,1420
4294967294,1419
4294967278,190
4294967278,78
4294967278,378
115,6
4294967294,471
4294967278,76
4294967278,377
4294967279,550
4294967279,304
115,5
4294967278,71
4294967278,186
115,4
115,3
115,2
115,1
4294967279,184
4294967278,68
4294967279,302
4294967278,69
4294967278,310
4294967278,365
114,5
4294967278,180
4294967278,179
114,4
114,3
114,2
114,1
4294967279,322
4294967279,539
4294967278,178
4294967294,89
4294967294,179
4294967294,194
4294967294,163
4294967294,192
4294967279,178
4294967278,64
4294967278,382
4294967279,572
4294967278,176
4294967294,115
4294967279,173
4294967294,396
4294967294,412
4294967294,385
4294967294,420
4294967294,406
4294967294,191
4294967294,1004
4294967294,402
4294967294,405
4294967294,401
4294967294,169
4294967294,160
4294967294,118
4294967278,62
4294967278,175
4294967278,173
113,5
4294967279,172
4294967278,171
4294967279,171
113,4
4294967278,170
113,3
113,2
113,1
4294967279,170
4294967279,169
4294967279,548
4294967278,362
4294967278,360
112,5
4294967279,51
4294967294,386
4294967279,165
112,4
4294967279,164
112,3
112,2
112,1
4294967279,161
4294967279,160
111,4
111,3
111,2
111,1
4294967278,300
0,7
4294967279,291
4294967294,1
4294967294,999
4294967294,29
4294967294,0
4294967278,299
4294967279,290
4294967278,387
4294967294,393
4294967294,46
4294967294,389
4294967294,114
4294967294,2
4294967278,341
4294967279,560
4294967294,469
4294967278,355
4294967278,297
4294967279,40
4294967279,533
4294967294,107
4294967294,81
4294967294,50
4294967294,86
4294967294,418
4294967294,150
4294967294,128
4294967294,28
4294967294,426
4294967294,36
4294967294,96
4294967294,94
4294967278,296
4294967278,354
4294967279,289
4294967294,6
4294967294,22
4294967294,17
4294967294,39
4294967294,42
4294967294,99
4294967294,76
4294967294,1017
4294967294,26
4294967279,148
4294967294,52
4294967294,470
4294967294,25
4294967294,1016
4294967294,27
4294967294,93
4294967294,95
4294967278,148
4294967294,67
4294967294,92
4294967294,88
4294967294,1415
0,5
4294967293,131
4294967293,130
4294967293,129
4294967293,128
4294967293,127
4294967293,126
4294967293,125
4294967293,124
4294967293,123
4294967293,122
4294967293,121
4294967293,120
4294967293,119
4294967293,118
4294967293,117
4294967293,116
4294967293,115
4294967293,114
4294967293,113
4294967293,112
4294967293,111
4294967293,110
4294967293,109
4294967293,108
4294967293,107
4294967293,106
4294967293,105
4294967293,104
4294967293,103
4294967293,102
4294967293,101
4294967293,100
4294967293,99
4294967293,98
4294967293,97
4294967293,96
4294967293,95
4294967293,94
4294967293,93
